Order Suzuki, Honda, Nissan, Hyundai, Ford, Subaru

Suzuki
{
133.880005
143.050003
134.733994
136.5
139.0
133.75
137.25
135.679993
137.300003
140.380005
131.770004
130.649994
128.320007
132.850006
127.050003
133.039993
125.580002
127.339996
126.25
127.5
126.400002
120.769997
123.610001
134.0
125.269997
127.875
129.449997
129.679993
132.220001
136.770004
132.080002
134.270004
133.600006
136.460007
143.580002
146.580002
148.600006
148.970001
147.759995
147.899994
151.899994
145.360001
145.570007
148.009995
147.440002
144.559998
144.617996
141.5
139.850006
139.960007
144.199997
141.679993
140.429993
140.679993
140.059998
136.869995
140.070007
139.895004
142.054993
140.0
145.050003
144.070007
144.160004
144.619995
147.979996
141.669998
142.809998
137.160004
134.0
135.050003
137.059998
134.619995
136.419998
136.889999
142.809998
143.350006
143.470001
143.059998
148.820007
143.990005
146.75
144.509995
148.850006
142.990005
141.029999
139.164993
142.029999
138.789993
138.789993
139.809998
138.520004
140.350006
137.020004
140.300003
135.460007
137.020004
140.210007
135.509995
144.25
136.229996
139.029999
141.309998
139.25
143.0
140.475006
142.940002
143.779999
141.830002
144.809998
138.5
143.720001
136.429993
136.0
133.809998
134.550003
135.029999
134.220001
134.529999
133.199997
128.240005
131.380005
127.550003
131.059998
138.682999
134.350006
135.074005
138.589996
139.429993
147.139999
143.875
143.320007
144.350006
146.589996
141.595001
141.580002
139.190002
139.979996
136.630005
139.550003
136.880005
145.419998
143.380005
145.360001
140.25
150.320007
155.882004
152.240005
151.0
153.570007
154.820007
157.880005
148.940002
151.880005
150.979996
155.145004
159.539993
150.270004
160.589996
152.630005
152.095001
154.899994
155.119995
164.300003
152.429993
154.065002
146.850006
152.009995
149.235001
144.429993
147.919998
143.119995
142.240005
140.440002
147.529999
141.990005
147.830002
143.164993
146.520004
143.061996
142.279999
142.889999
142.389999
156.0
149.509995
148.220001
152.399994
156.899994
166.669998
158.169998
164.399994
155.119995
165.610001
158.0
170.619995
163.410004
172.919998
164.5
165.350006
161.449997
158.75
162.910004
167.910004
158.259995
162.520004
161.645004
162.809998
163.470001
151.369995
142.190002
155.910004
154.270004
152.429993
162.990005
164.720001
160.869995
163.649994
153.940002
153.880005
152.479996
161.050003
157.190002
148.5
158.809998
151.410004
153.619995
150.600006
151.899994
155.240005
151.75
154.899994
157.729996
168.270004
164.029999
160.529999
176.039993
176.5
177.399994
169.0
168.5
175.0
176.149994
159.0
158.149994
164.0
166.570007
157.639999
168.199997
169.0
167.990005
158.0
}
Honda
{
23.91
23.870001
23.879999
23.92
23.799999
23.959999
24.6
24.41
23.950001
23.639999
23.5
23.450001
23.01
23.049999
22.940001
22.879999
22.870001
22.68
22.83
23.09
23.389999
23.120001
23.42
24.09
23.99
23.790001
23.98
23.74
24.02
24.34
23.65
23.719999
23.780001
23.940001
24.049999
24.219999
24.42
24.459999
24.59
24.950001
24.950001
24.67
24.52
24.610001
24.52
24.68
24.74
25.25
25.15
25.09
25.209999
25.4
26.030001
25.85
25.959999
25.799999
26.24
26.02
26.280001
25.85
26.389999
26.700001
26.73
26.52
26.77
26.48
25.74
25.23
24.959999
25.0
25.190001
25.040001
25.549999
25.67
25.860001
25.629999
25.879999
25.799999
26.15
26.34
26.41
26.67
27.0
26.639999
26.290001
26.049999
26.549999
26.58
26.620001
26.190001
26.18
26.450001
26.24
25.99
25.969999
25.870001
26.1
25.92
26.110001
26.32
26.6
26.23
26.200001
26.08
26.25
26.799999
26.959999
27.09
27.26
27.91
27.6
27.809999
28.110001
28.24
28.200001
28.58
28.34
28.440001
28.610001
28.51
29.059999
28.58
28.59
29.370001
30.0
30.309999
29.950001
29.83
30.67
30.9
31.66
32.490002
31.99
31.58
30.85
31.209999
30.969999
30.049999
30.17
29.959999
30.450001
30.16
30.16
30.73
30.59
29.940001
29.99
29.690001
29.799999
30.280001
30.450001
30.299999
30.200001
30.49
31.08
30.799999
31.27
31.440001
31.629999
31.49
31.59
31.690001
31.809999
31.959999
31.629999
30.65
30.950001
31.059999
31.17
31.91
32.5
31.889999
30.9
30.74
30.33
30.450001
30.200001
30.389999
30.92
31.25
31.16
31.08
31.709999
31.43
31.870001
32.23
32.560001
32.889999
33.5
33.369999
33.470001
33.75
34.23
34.389999
35.419998
35.490002
35.209999
36.560001
36.189999
35.389999
35.52
35.02
34.950001
35.110001
34.540001
33.98
33.5
32.68
31.6
32.380001
32.43
32.619999
33.389999
33.720001
34.18
33.720001
33.439999
33.490002
33.560001
33.07
32.580002
32.150002
32.189999
32.380001
31.99
31.780001
30.719999
30.34
31.129999
31.58
32.009998
32.509998
32.189999
32.169998
32.02
31.35
30.99
31.98
31.83
31.9
32.299999
31.57
31.059999
31.129999
31.450001
31.25
30.860001
30.75
30.74
30.879999
}
Nissan
{
6.73
6.75
6.52
6.8
6.6
6.83
6.8
6.75
6.85
6.69
6.36
6.52
6.37
6.52
6.15
6.34
6.16
6.05
6.2
6.2
6.49
6.33
6.41
6.55
6.59
6.26
6.48
6.48
6.69
6.7
6.6
6.63
6.76
6.73
6.83
7.0
7.11
7.02
7.1
7.29
7.28
7.21
7.24
7.26
7.23
7.34
7.25
7.35
7.31
7.43
7.43
7.67
7.85
7.8
7.6
7.62
7.8
7.76
7.76
7.75
7.92
7.95
8.3
8.02
8.24
7.75
7.6
7.23
7.09
6.85
7.22
7.11
7.19
7.38
7.41
7.3
7.36
7.16
7.35
7.4
7.72
7.53
7.79
7.62
7.28
7.22
7.62
7.65
7.46
7.51
7.37
7.5
7.45
7.35
7.29
7.33
7.36
7.31
7.18
7.08
7.26
7.21
7.33
7.16
7.25
7.35
7.5
7.47
7.82
7.76
7.51
7.7
7.41
7.57
7.38
7.39
7.44
7.45
7.5
7.5
7.7
7.32
7.43
7.48
7.7
7.71
7.56
7.59
7.75
7.66
7.65
7.71
7.62
7.97
7.65
7.6
7.45
7.45
7.45
7.53
7.58
8.0
8.04
8.28
8.35
8.3
8.5
8.35
8.18
8.13
8.18
8.09
8.1
8.37
8.5
8.88
8.55
8.73
9.05
9.45
9.35
8.84
8.93
8.83
9.0
8.62
8.72
8.85
8.89
8.55
8.6
8.65
8.35
8.26
8.28
8.2
8.0
8.0
8.11
8.24
8.15
8.01
8.23
8.23
8.14
8.4
8.82
8.5
8.5
8.61
8.6
8.9
8.7
8.43
8.9
9.14
9.2
9.5
9.42
9.41
9.31
9.19
9.14
8.95
9.05
8.99
8.9
8.48
8.0
8.03
8.2
8.01
8.29
8.38
8.25
8.3
8.37
8.35
8.37
8.43
7.98
7.86
7.81
7.86
7.88
8.0
7.78
7.51
7.81
7.99
8.16
8.0
8.06
8.13
8.31
8.16
7.7
8.08
7.8
8.0
8.12
8.33
8.03
7.9
8.2
8.16
7.91
7.7
7.83
7.7
}
Hyundai
{
30.969999
30.139999
29.860001
30.25
30.26
30.190001
30.200001
30.440001
30.620001
30.6
30.1
29.610001
30.620001
29.440001
29.5
31.33
30.99
29.450001
29.889999
29.77
29.209999
30.190001
30.15
31.25
30.59
31.33
32.34
32.279999
33.09
32.439999
32.490002
33.84
33.299999
33.549999
32.84
32.610001
34.0
35.0
35.169998
35.150002
35.799999
36.380001
34.650002
34.990002
35.330002
35.619999
35.509998
34.990002
34.939999
36.130001
35.580002
35.580002
36.380001
34.5
35.139999
35.57
34.959999
35.509998
35.779999
35.23
35.48
36.27
36.450001
36.130001
34.549999
35.299999
35.529999
35.349998
34.799999
34.779999
34.560001
34.0
35.060001
34.0
34.16
34.689999
34.75
35.84
36.330002
35.0
35.5
35.5
35.439999
35.0
34.990002
35.0
35.709999
35.880001
35.689999
36.290001
35.700001
36.349998
36.5
35.939999
35.939999
35.25
36.700001
38.41
39.810001
39.240002
36.950001
39.009998
39.700001
40.900002
41.0
41.0
41.0
42.0
41.5
39.759998
39.939999
39.299999
41.209999
41.209999
40.0
41.0
42.34
41.650002
41.25
40.75
40.41
38.619999
38.619999
40.290001
41.09
41.080002
42.0
41.240002
42.75
42.0
42.0
41.380001
42.75
42.34
41.529999
41.220001
42.16
40.549999
41.07
41.77
41.5
41.84
41.639999
41.0
42.0
42.0
42.240002
42.380001
42.5
42.5
42.599998
44.380001
42.34
42.25
41.68
42.34
41.259998
40.720001
40.400002
40.080002
40.450001
41.5
41.75
41.57
41.259998
39.52
39.52
39.52
39.610001
39.310001
38.77
38.450001
38.0
37.330002
37.330002
37.169998
37.380001
37.5
38.099998
37.349998
37.73
37.360001
38.299999
38.299999
38.610001
38.509998
37.77
37.830002
38.0
38.0
38.0
38.0
38.0
38.549999
39.25
39.25
38.98
39.0
39.200001
38.169998
38.139999
38.5
38.66
38.25
38.650002
38.610001
39.419998
39.209999
38.810001
39.0
39.0
39.0
37.349998
38.23
37.98
37.939999
37.549999
37.0
38.349998
38.349998
38.0
36.599998
37.799999
36.700001
37.0
36.27
37.0
36.27
37.740002
37.779999
38.400002
38.400002
37.650002
37.650002
38.25
38.330002
37.639999
39.0
39.990002
40.200001
42.869999
41.830002
42.0
40.970001
41.57
40.799999
41.220001
41.919998
41.369999
41.099998
}
Ford
{
13.42
13.2
13.2
13.04
13.2
13.78
13.57
13.23
12.77
12.12
11.65
11.61
11.54
11.27
11.28
11.18
11.08
11.4
11.82
11.88
12.11
12.12
12.74
12.68
12.93
13.27
12.63
12.71
12.79
12.29
12.21
12.48
12.68
12.6
12.99
12.88
13.01
13.39
13.52
14.17
13.05
13.16
13.08
13.3
13.66
12.84
12.71
12.99
12.75
12.73
12.82
12.72
12.24
12.32
11.82
11.98
12.07
12.35
12.38
12.72
13.08
12.94
12.78
13.02
12.43
11.93
12.21
11.5
11.53
11.7
11.33
11.4
11.76
11.65
11.32
11.63
11.55
11.78
12.28
12.41
12.53
12.77
12.58
12.42
12.2
12.79
13.06
12.64
12.45
12.5
12.7
12.6
11.81
11.9
11.89
11.97
11.8
11.61
11.59
12.01
12.05
11.74
11.8
11.79
12.02
11.89
12.02
11.83
11.93
11.7
11.55
11.35
11.46
11.66
11.71
11.53
11.64
11.33
11.59
12.65
12.48
12.07
12.26
12.66
12.55
13.02
13.53
13.83
13.8
13.9
14.25
14.12
14.52
14.3
14.24
13.91
13.93
14.01
14.19
14.39
14.87
15.05
15.15
15.21
15.17
14.99
14.96
15.07
15.37
15.27
15.23
14.58
13.95
14.14
14.03
14.13
13.89
13.86
13.55
13.83
13.58
13.01
13.15
13.2
12.99
13.1
12.93
12.77
12.77
12.78
12.12
12.03
12.06
11.9
11.88
11.73
12.04
12.01
11.82
11.89
11.83
11.95
11.95
12.07
12.13
12.16
12.12
12.0
11.95
11.97
12.36
12.23
12.69
12.61
12.4
12.5
12.34
12.65
12.2
12.5
12.35
12.49
12.52
12.32
12.61
12.38
12.16
12.02
11.94
11.82
11.8
12.1
12.29
11.88
11.97
11.91
11.85
11.93
11.59
11.58
11.55
11.5
11.35
11.91
10.93
10.08
9.72
9.84
10.02
10.26
10.56
10.25
10.19
10.04
9.81
9.83
9.99
10.41
10.4
10.26
10.29
10.28
10.24
10.28
10.37
10.33
10.88
10.68
10.29
}
Subaru
{
8.23
8.24
8.26
8.15
8.11
8.15
8.45
8.19
7.94
8.13
7.92
7.97
7.93
7.86
7.4
7.76
7.54
7.3
7.83
7.92
7.58
7.62
7.62
7.99
8.0
7.53
7.73
7.57
7.68
7.88
7.75
7.79
7.79
7.86
7.9
8.01
8.05
8.0
8.09
8.25
8.34
8.1
8.2
8.14
7.94
8.02
7.89
7.91
7.94
7.91
8.09
8.11
8.21
8.1
7.94
8.04
8.07
8.04
8.08
7.99
8.12
8.24
8.3
8.35
8.38
8.08
8.0
7.6
7.64
7.65
7.6
7.62
7.57
7.75
7.84
7.8
7.92
7.81
8.0
7.78
7.98
8.0
8.0
7.67
7.69
7.43
7.84
7.94
7.99
7.72
7.71
7.82
7.81
7.83
7.7
7.8
7.9
7.81
7.82
8.0
7.84
7.93
8.01
8.14
8.15
8.11
8.23
8.13
8.24
8.46
8.1
8.28
8.32
8.27
8.36
8.3
8.46
8.43
8.48
8.41
8.66
8.64
8.6
8.75
8.82
9.02
8.99
9.0
9.17
9.22
9.34
9.78
9.5
9.5
9.36
9.57
9.47
9.08
9.03
9.18
9.26
9.41
9.37
9.6
9.14
9.14
9.23
8.99
8.94
9.05
9.04
8.86
8.95
8.66
9.28
9.32
9.6
9.44
9.5
9.16
9.56
9.45
9.45
9.55
9.55
9.2
9.3
9.15
9.2
8.74
9.01
9.07
8.68
8.89
9.03
9.1
9.04
9.01
9.23
9.28
9.15
9.18
9.37
9.31
9.21
9.46
9.6
9.6
10.18
9.7
9.77
9.79
9.84
9.59
10.0
10.14
10.2
10.42
10.5
10.02
10.12
9.92
10.1
9.8
9.43
9.74
9.72
9.34
9.0
9.02
9.07
9.1
9.64
9.47
9.61
9.42
9.19
9.36
9.33
9.23
9.1
8.85
8.82
8.83
8.75
9.02
8.66
8.3
8.75
9.18
9.0
9.2
8.96
9.08
9.36
9.16
8.95
9.15
8.96
9.1
9.6
9.0
8.75
9.0
9.28
9.19
8.9
8.45
8.98
8.91
}